STRUCTURE FROM MOTION RESULTS
==================================================

Camera Intrinsics (K):
[[4.2371e+03 0.0000e+00 2.1897e+03]
 [0.0000e+00 4.2604e+03 2.6859e+03]
 [0.0000e+00 0.0000e+00 1.0000e+00]]

Camera Poses (R, t):
View 0:
  R = 
[[1. 0. 0.]
 [0. 1. 0.]
 [0. 0. 1.]]
  t = [0. 0. 0.]
  C = [0. 0. 0.] (camera center)

View 1:
  R = 
[[ 0.97871018  0.08830748  0.18527866]
 [-0.09886102  0.99391868  0.04849902]
 [-0.17986909 -0.06578332  0.98148849]]
  t = [-0.03760095  0.03120388  0.97165522]
  C = [ 0.21465602  0.03622503 -0.94821513] (camera center)

View 2:
  R = 
[[ 0.96921045  0.0075192  -0.246119  ]
 [-0.00248524  0.99978145  0.02075761]
 [ 0.24622129 -0.01950683  0.96901732]]
  t = [0.03177675 0.02939917 1.10983683]
  C = [-0.30399075 -0.00798228 -1.0682405 ] (camera center)

View 3:
  R = 
[[ 0.99955183  0.02980093  0.00283684]
 [-0.02954226  0.96666486  0.25433501]
 [ 0.00483714 -0.25430484  0.96711202]]
  t = [0.07710852 0.2064436  1.12206299]
  C = [-0.07640273  0.08348637 -1.13788519] (camera center)

Reconstructed 100 3D points
Point cloud extent:
  X: [-0.426, 0.085]
  Y: [-0.504, 0.404]
  Z: [-0.000, 0.000]

Boundary has 11 vertices
